[gd_scene format=3 uid="uid://bbmvj1manfy28"]

[ext_resource type="PackedScene" uid="uid://w1g7br6fw83t" path="res://Scenes/levels/player_spawn.tscn" id="2_sj1hf"]
[ext_resource type="PackedScene" uid="uid://bmyy4qbcwa1tt" path="res://Scenes/interactables/box_rigid.tscn" id="2_syqa8"]

[sub_resource type="ProceduralSkyMaterial" id="ProceduralSkyMaterial_4yeaw"]

[sub_resource type="Sky" id="Sky_m1s6g"]
sky_material = SubResource("ProceduralSkyMaterial_4yeaw")

[sub_resource type="Environment" id="Environment_syqa8"]
background_mode = 2
background_color = Color(0.458824, 0.458824, 0.458824, 1)
background_energy_multiplier = 0.1
sky = SubResource("Sky_m1s6g")
ambient_light_color = Color(0.886275, 0, 0, 1)
ambient_light_sky_contribution = 0.5
tonemap_mode = 2
glow_enabled = true
volumetric_fog_enabled = true
volumetric_fog_density = 0.015
volumetric_fog_albedo = Color(1, 0.611765, 0.666667, 1)
volumetric_fog_detail_spread = 5.09824

[node name="World1Baustelle" type="Node3D" unique_id=660254983]

[node name="boden_container" type="CSGBox3D" parent="." unique_id=2056612053]
transform = Transform3D(1, 0, 0, 0, 1, 0, 0, 0, 1, -6.533563, -1.0083978, 0)
use_collision = true
size = Vector3(10, 1, 10)

[node name="CSGBox3D2" type="CSGBox3D" parent="boden_container" unique_id=247840603]
transform = Transform3D(1, 0, 0, 0, 1, 0, 0, 0, 1, 0.794345, 0.8295522, 3.34651)
use_collision = true
size = Vector3(8, 0.680957, 0.1)

[node name="CSGBox3D3" type="CSGBox3D" parent="boden_container" unique_id=879596526]
transform = Transform3D(1, 0, 0, 0, 1, 0, 0, 0, 1, -2.48785, 1.28839, 1.04617)
use_collision = true
size = Vector3(5.02429, 3.57678, 4.49951)

[node name="CSGBox3D4" type="CSGBox3D" parent="boden_container" unique_id=1654725317]
transform = Transform3D(1, 0, 0, 0, 1, 0, 0, 0, 1, 3.79329, 1.28394, -3.37608)
use_collision = true
size = Vector3(2.33447, 3.56787, 4.34204)

[node name="CSGBox3D5" type="CSGBox3D" parent="boden_container" unique_id=393535649]
transform = Transform3D(0.867305, 0.497776, 0, -0.497776, 0.867305, 0, 0, 0, 1, -1.76548, 0.183334, -2.74809)
use_collision = true
size = Vector3(4.40259, 3.1416, 3.08606)

[node name="CSGBox3D6" type="CSGBox3D" parent="boden_container" unique_id=725528382]
transform = Transform3D(1, 0, 0, 0, 1, 0, 0, 0, 1, -3.94102, 1.0708, -2.74492)
use_collision = true
size = Vector3(2.11572, 3.1416, 3.07971)

[node name="CSGBox3D7" type="CSGBox3D" parent="boden_container" unique_id=1067934344]
transform = Transform3D(0.622651, 0, -0.782499, 0, 1, 0, 0.782499, 0, 0.622651, 1.41189, 3.14833, -1.20786)
use_collision = true
size = Vector3(1, 0.1, 5.17525)

[node name="CSGBox3D8" type="CSGBox3D" parent="." unique_id=971932233]
transform = Transform3D(1, 0, 0, 0, 1, 0, 0, 0, 1, -1.37769, 1.88412, -5.42288)
use_collision = true
size = Vector3(12.7554, 4.76825, 0.851807)

[node name="CSGBox3D9" type="CSGBox3D" parent="." unique_id=1797726337]
transform = Transform3D(1, 0, 0, 0, 1, 0, 0, 0, 1, -10.323811, -4.1946497, 5.497)
use_collision = true

[node name="WorldEnvironment" type="WorldEnvironment" parent="." unique_id=926572815]
environment = SubResource("Environment_syqa8")

[node name="DirectionalLight3D" type="DirectionalLight3D" parent="." unique_id=1672435562]
transform = Transform3D(-0.848388, -0.458453, 0.264686, 8.6873e-08, 0.499998, 0.866027, -0.529375, 0.734727, -0.424192, -12.2423, 80.9664, 0.407165)
light_energy = 0.5
shadow_enabled = true
shadow_bias = 0.5

[node name="CSGBox3D12" type="CSGBox3D" parent="." unique_id=1330534727]
transform = Transform3D(0.9914312, 0, 0.13063002, 0, 1, 0, -0.13063002, 0, 0.9914312, 5.919033, 0.9790063, -11.125534)
use_collision = true
size = Vector3(27.75122, 1, 10)

[node name="CSGBox3D13" type="CSGBox3D" parent="." unique_id=2109505510]
transform = Transform3D(0.96996546, 0, 0.24324259, 0, 1, 0, -0.24324259, 0, 0.96996546, 9.286225, 1.88412, -7.7951994)
use_collision = true
size = Vector3(9.5829, 4.76825, 3.1656497)

[node name="CSGBox3D14" type="CSGBox3D" parent="." unique_id=1797302408]
transform = Transform3D(0.96996546, 0, 0.24324259, 0, 1, 0, -0.24324259, 0, 0.96996546, 26.89571, 1.88412, -13.04122)
use_collision = true
size = Vector3(21.268013, 4.76825, 3.1656497)

[node name="BoxRigid" parent="." unique_id=1290401740 instance=ExtResource("2_syqa8")]
transform = Transform3D(0.95953053, 0, 0.28160468, 0, 1, 0, -0.28160468, 0, 0.95953053, 13.000235, 5.6579185, -8.17012)

[node name="streets" type="Node3D" parent="." unique_id=1632337654]
transform = Transform3D(0.99578434, 0.09172756, 0, -0.09172756, 0.99578434, 0, 0, 0, 1, 6.64752, -2.2131906, 7.22008)

[node name="CSGBox3D10" type="CSGBox3D" parent="streets" unique_id=1619630759]
use_collision = true
size = Vector3(23.295, 1, 4.43408)

[node name="CSGBox3D11" type="CSGBox3D" parent="streets" unique_id=1435141198]
transform = Transform3D(-0.97532976, -0.1845397, -0.12114868, -0.18455902, 0.98275805, -0.011159714, 0.12111929, 0.011474684, -0.99257165, 0.19801807, -2.1496615, 4.910485)
use_collision = true
size = Vector3(23.295, 1, 4.43408)

[node name="CSGBox3D16" type="CSGBox3D" parent="streets" unique_id=556487287]
transform = Transform3D(0.6554113, -0.16322099, 0.7374244, 0.16846451, 0.98336434, 0.0679285, -0.73624444, 0.07970875, 0.67200494, 15.774153, 5.1304164, -11.362694)
use_collision = true
size = Vector3(23.295, 1, 4.43408)

[node name="CSGBox3D15" type="CSGBox3D" parent="." unique_id=998852242]
transform = Transform3D(0.99636185, -0.08522568, 0, 0.08522568, 0.99636185, 0, 0, 0, 1, 6.64752, -0.29610634, 3.8622565)
use_collision = true
size = Vector3(23.295, 1, 4.43408)

[node name="player_spawn" parent="." unique_id=1128441450 instance=ExtResource("2_sj1hf")]
transform = Transform3D(1, 0, 0, 0, 1, 0, 0, 0, 1, -2.781436, -3.8496287, 13.117434)
