[gd_scene load_steps=6 format=3 uid="uid://bbmvj1manfy28"]

[ext_resource type="PackedScene" uid="uid://dces3e55616v5" path="res://Scenes/player_parts/player.tscn" id="1_4yeaw"]
[ext_resource type="PackedScene" uid="uid://bmyy4qbcwa1tt" path="res://Scenes/interactables/box_rigid.tscn" id="2_syqa8"]

[sub_resource type="ProceduralSkyMaterial" id="ProceduralSkyMaterial_4yeaw"]

[sub_resource type="Sky" id="Sky_m1s6g"]
sky_material = SubResource("ProceduralSkyMaterial_4yeaw")

[sub_resource type="Environment" id="Environment_syqa8"]
background_mode = 2
background_color = Color(0.458824, 0.458824, 0.458824, 1)
background_energy_multiplier = 0.1
sky = SubResource("Sky_m1s6g")
ambient_light_color = Color(0.886275, 0, 0, 1)
ambient_light_sky_contribution = 0.5
tonemap_mode = 2
glow_enabled = true
volumetric_fog_enabled = true
volumetric_fog_density = 0.015
volumetric_fog_albedo = Color(1, 0.611765, 0.666667, 1)
volumetric_fog_detail_spread = 5.09824

[node name="World1Baustelle" type="Node3D"]

[node name="CSGBox3D" type="CSGBox3D" parent="."]
use_collision = true
size = Vector3(10, 1, 10)

[node name="CSGBox3D2" type="CSGBox3D" parent="."]
transform = Transform3D(1, 0, 0, 0, 1, 0, 0, 0, 1, 0.794345, 0.884706, 3.34651)
use_collision = true
size = Vector3(8, 0.680957, 0.1)

[node name="CSGBox3D3" type="CSGBox3D" parent="."]
transform = Transform3D(1, 0, 0, 0, 1, 0, 0, 0, 1, -2.48785, 1.28839, 1.04617)
use_collision = true
size = Vector3(5.02429, 3.57678, 4.49951)

[node name="CSGBox3D4" type="CSGBox3D" parent="."]
transform = Transform3D(1, 0, 0, 0, 1, 0, 0, 0, 1, 3.79329, 1.28394, -3.37608)
use_collision = true
size = Vector3(2.33447, 3.56787, 4.34204)

[node name="CSGBox3D5" type="CSGBox3D" parent="."]
transform = Transform3D(0.867305, 0.497776, 0, -0.497776, 0.867305, 0, 0, 0, 1, -1.76548, 0.183334, -2.74809)
use_collision = true
size = Vector3(4.40259, 3.1416, 3.08606)

[node name="CSGBox3D6" type="CSGBox3D" parent="."]
transform = Transform3D(1, 0, 0, 0, 1, 0, 0, 0, 1, -3.94102, 1.0708, -2.74492)
use_collision = true
size = Vector3(2.11572, 3.1416, 3.07971)

[node name="CSGBox3D7" type="CSGBox3D" parent="."]
transform = Transform3D(0.622651, 0, -0.782499, 0, 1, 0, 0.782499, 0, 0.622651, 1.41189, 3.14833, -1.20786)
use_collision = true
size = Vector3(1, 0.1, 5.17525)

[node name="CSGBox3D8" type="CSGBox3D" parent="."]
transform = Transform3D(1, 0, 0, 0, 1, 0, 0, 0, 1, -1.37769, 1.88412, -5.42288)
use_collision = true
size = Vector3(12.7554, 4.76825, 0.851807)

[node name="CSGBox3D9" type="CSGBox3D" parent="."]
transform = Transform3D(1, 0, 0, 0, 1, 0, 0, 0, 1, 3.67619, 2.80535, -4.503)
use_collision = true

[node name="CSGBox3D10" type="CSGBox3D" parent="."]
transform = Transform3D(0.99578434, 0.09172756, 0, -0.09172756, 0.99578434, 0, 0, 0, 1, 6.64752, -1.134973, 7.22008)
use_collision = true
size = Vector3(23.295, 1, 4.43408)

[node name="CSGBox3D11" type="CSGBox3D" parent="."]
transform = Transform3D(-0.9881472, -0.09361573, -0.12166161, -0.09431635, 0.9955424, 4.447874e-09, 0.12111929, 0.011474684, -0.99257165, 6.64752, -3.293736, 12.130565)
use_collision = true
size = Vector3(23.295, 1, 4.43408)

[node name="CharacterBody3D" parent="." instance=ExtResource("1_4yeaw")]
transform = Transform3D(1, 0, 0, 0, 1, 0, 0, 0, 1, -3.74498, -4.78023, 11.1655)

[node name="WorldEnvironment" type="WorldEnvironment" parent="."]
environment = SubResource("Environment_syqa8")

[node name="DirectionalLight3D" type="DirectionalLight3D" parent="."]
transform = Transform3D(-0.848388, -0.458453, 0.264686, 8.6873e-08, 0.499998, 0.866027, -0.529375, 0.734727, -0.424192, -12.2423, 80.9664, 0.407165)
light_energy = 0.5
shadow_enabled = true
shadow_bias = 0.5

[node name="CSGBox3D12" type="CSGBox3D" parent="."]
transform = Transform3D(0.9914312, 0, 0.13063002, 0, 1, 0, -0.13063002, 0, 0.9914312, 5.919033, 0.9790063, -11.125534)
use_collision = true
size = Vector3(27.75122, 1, 10)

[node name="CSGBox3D13" type="CSGBox3D" parent="."]
transform = Transform3D(0.96996546, 0, 0.24324259, 0, 1, 0, -0.24324259, 0, 0.96996546, 9.286225, 1.88412, -7.7951994)
use_collision = true
size = Vector3(9.5829, 4.76825, 3.1656497)

[node name="CSGBox3D14" type="CSGBox3D" parent="."]
transform = Transform3D(0.96996546, 0, 0.24324259, 0, 1, 0, -0.24324259, 0, 0.96996546, 21.228632, 1.88412, -11.620061)
use_collision = true
size = Vector3(9.5829, 4.76825, 3.1656497)

[node name="BoxRigid" parent="." instance=ExtResource("2_syqa8")]
transform = Transform3D(0.95953053, 0, 0.28160468, 0, 1, 0, -0.28160468, 0, 0.95953053, 13.000235, 5.6579185, -8.17012)
