[gd_scene load_steps=5 format=3 uid="uid://cdsw4wgvb12by"]

[ext_resource type="PackedScene" uid="uid://dces3e55616v5" path="res://Scenes/player_parts/player.tscn" id="1_xtwpa"]

[sub_resource type="ProceduralSkyMaterial" id="ProceduralSkyMaterial_7nxjc"]

[sub_resource type="Sky" id="Sky_m1s6g"]
sky_material = SubResource("ProceduralSkyMaterial_7nxjc")

[sub_resource type="Environment" id="Environment_kl5jl"]
background_mode = 2
background_color = Color(0.458824, 0.458824, 0.458824, 1)
background_energy_multiplier = 0.1
sky = SubResource("Sky_m1s6g")
ambient_light_color = Color(0.886275, 0, 0, 1)
ambient_light_sky_contribution = 0.5
tonemap_mode = 2
glow_enabled = true
volumetric_fog_enabled = true
volumetric_fog_density = 0.015
volumetric_fog_albedo = Color(1, 0.611765, 0.666667, 1)
volumetric_fog_detail_spread = 5.09824

[node name="World" type="Node3D"]
transform = Transform3D(1, 0, 0, 0, 1, 0, 0, 0, 1, 0.139556, 0.0229417, -0.36441)

[node name="DirectionalLight3D" type="DirectionalLight3D" parent="."]
transform = Transform3D(-0.848388, -0.458453, 0.264686, 8.6873e-08, 0.499998, 0.866027, -0.529375, 0.734727, -0.424192, -12.2423, 80.9664, 0.407165)
light_energy = 0.5
shadow_enabled = true
shadow_bias = 0.5

[node name="WorldEnvironment" type="WorldEnvironment" parent="."]
environment = SubResource("Environment_kl5jl")

[node name="CharacterBody3D" parent="." groups=["player"] instance=ExtResource("1_xtwpa")]
transform = Transform3D(1, 0, 0, 0, 1, 0, 0, 0, 1, -2.1041, 3.44005, 0.796161)

[node name="CSGBox3D" type="CSGBox3D" parent="."]
transform = Transform3D(1, 0, 0, 0, 1, 0, 0, 0, 1, 11.0815, 0, -0.682373)
use_collision = true
size = Vector3(56.0809, 1, 11.3647)

[node name="CSGBox3D2" type="CSGBox3D" parent="."]
transform = Transform3D(1, 0, 0, 0, 1, 0, 0, 0, 1, 9.96571, 3.7330546, 9.87799)
use_collision = true
size = Vector3(21.8694, 7.33203, 10)

[node name="CSGBox3D3" type="CSGBox3D" parent="."]
transform = Transform3D(1, 0, 0, 0, 0.932576, -0.360974, 0, 0.360974, 0.932576, 12.6041, 1.92536, -11.3013)
use_collision = true
size = Vector3(53.1401, 1, 11.3647)

[node name="CSGBox3D4" type="CSGBox3D" parent="."]
transform = Transform3D(1, 0, 0, 0, 1, 0, 0, 0, 1, 17.9606, 1.10736, -4.17386)
use_collision = true
size = Vector3(5.87952, 3.21472, 4.38177)

[node name="CSGBox3D5" type="CSGBox3D" parent="."]
transform = Transform3D(1, 0, 0, 0, 1, 0, 0, 0, 1, -6.0595293, 1.514747, -5.59504)
use_collision = true
size = Vector3(1.39046, 2.21576, 1.53941)

[node name="CSGBox3D6" type="CSGBox3D" parent="."]
transform = Transform3D(1, 0, 0, 0, 1, 0, 0, 0, 1, -15.415, 6.3125, 9.87799)
use_collision = true
size = Vector3(20.7202, 13.625, 10)

[node name="CSGBox3D7" type="CSGBox3D" parent="."]
transform = Transform3D(0.71368, 0.111669995, -0.691513, -0.13042428, 0.9911319, 0.025449537, 0.68822217, 0.072027236, 0.7219156, -24.010849, 1.9789306, -8.381849)
use_collision = true
size = Vector3(42.938004, 1, 11.3647)

[node name="CSGBox3D8" type="CSGBox3D" parent="."]
transform = Transform3D(1, 0, 0, 0, 1, 0, 0, 0, 1, -54.8385, 4.49317, -25.25)
use_collision = true
size = Vector3(74.77, 1, 11.3647)

[node name="CSGBox3D9" type="CSGBox3D" parent="."]
transform = Transform3D(1, 0, 0, 0, 1, 0, 0, 0, 1, 3.06199, 0, 12.42525)
use_collision = true
size = Vector3(34.3202, 1, 14.8951)

[node name="CSGBox3D10" type="CSGBox3D" parent="."]
transform = Transform3D(1, 0, 0, 0, 1, 0, 0, 0, 1, 10.7604, -0.760814, 20.8956)
use_collision = true
size = Vector3(71.6394, 1, 7.26299)

[node name="CSGBox3D11" type="CSGBox3D" parent="."]
transform = Transform3D(1, 0, 0, 0, 0.997659, -0.068381, 0, 0.068381, 0.997659, -61.9574, 5.35724, -43.0527)
use_collision = true
size = Vector3(9.69824, 1, 27.4442)

[node name="CSGBox3D12" type="CSGBox3D" parent="."]
transform = Transform3D(1, 0, 0, 0, 1, 0, 0, 0, 1, 12.858463, 0.86769384, -3.4556148)
use_collision = true
size = Vector3(1.5379045, 1.0842665, 2.9452796)

[node name="CSGBox3D13" type="CSGBox3D" parent="."]
transform = Transform3D(1, 0, 0, 0, 1, 0, 0, 0, 1, 10.748946, 0.86769384, -3.4556148)
use_collision = true
size = Vector3(1.5379045, 1.0842665, 2.9452796)

[node name="CSGBox3D14" type="CSGBox3D" parent="."]
transform = Transform3D(1, 0, 0, 0, 1, 0, 0, 0, 1, 8.457655, 0.86769384, -3.4556148)
use_collision = true
size = Vector3(1.5379045, 1.0842665, 2.9452796)
