[gd_scene load_steps=5 format=3 uid="uid://bsf0ouhqr45to"]

[ext_resource type="PackedScene" uid="uid://dces3e55616v5" path="res://Scenes/player_parts/player.tscn" id="1_wyes4"]

[sub_resource type="ProceduralSkyMaterial" id="ProceduralSkyMaterial_xssoj"]

[sub_resource type="Sky" id="Sky_wyes4"]
sky_material = SubResource("ProceduralSkyMaterial_xssoj")

[sub_resource type="Environment" id="Environment_hujh4"]
background_mode = 2
background_color = Color(0.458824, 0.458824, 0.458824, 1)
background_energy_multiplier = 0.1
sky = SubResource("Sky_wyes4")
ambient_light_color = Color(0.886275, 0, 0, 1)
ambient_light_sky_contribution = 0.5
tonemap_mode = 2
glow_enabled = true
volumetric_fog_enabled = true
volumetric_fog_density = 0.015
volumetric_fog_albedo = Color(1, 0.611765, 0.666667, 1)
volumetric_fog_detail_spread = 5.09824

[node name="World2WalkingHome" type="Node3D"]

[node name="DirectionalLight3D" type="DirectionalLight3D" parent="."]
transform = Transform3D(-0.848388, -0.458453, 0.264686, 8.6873e-08, 0.499998, 0.866027, -0.529375, 0.734727, -0.424192, -12.2423, 80.9664, 0.407165)
light_energy = 0.5
shadow_enabled = true
shadow_bias = 0.5

[node name="WorldEnvironment" type="WorldEnvironment" parent="."]
environment = SubResource("Environment_hujh4")

[node name="CharacterBody3D" parent="." groups=["player"] instance=ExtResource("1_wyes4")]
transform = Transform3D(1, 0, 0, 0, 1, 0, 0, 0, 1, 84.546036, 12.858373, -3.5260189)

[node name="CSGBox3D" type="CSGBox3D" parent="."]
transform = Transform3D(0.9761258, -0.21720634, 0, 0.21720634, 0.9761258, 0, 0, 0, 1, 11.0815, 5.035096, -1.0951042)
use_collision = true
size = Vector3(56.0809, 1, 12.190163)

[node name="CSGBox3D2" type="CSGBox3D" parent="."]
transform = Transform3D(1, 0, 0, 0, 1, 0, 0, 0, 1, -40.06078, 0, -1.1862707)
use_collision = true
size = Vector3(56.0809, 1, 12.365944)

[node name="CSGBox3D3" type="CSGBox3D" parent="."]
transform = Transform3D(0.9993131, 0.029687025, -0.022179786, -0.011515966, -0.32010913, -0.9473107, -0.035222776, 0.94691557, -0.31954736, 10.4853115, 10.509196, 6.1965637)
use_collision = true
size = Vector3(56.0809, 1, 24.970325)

[node name="CSGBox3D4" type="CSGBox3D" parent="."]
transform = Transform3D(0.99736965, -0.07245506, 0.002001956, 0.07028051, 0.95994145, -0.27124414, 0.017731242, 0.27067128, 0.9625087, 20.621677, 13.382264, -19.416948)
use_collision = true
size = Vector3(39.89592, 1, 27.23362)

[node name="CSGBox3D5" type="CSGBox3D" parent="."]
transform = Transform3D(0.9844787, -0.1755042, 0, 0.1755042, 0.9844787, 0, 0, 0, 1, 9.532364, 5.401629, -16.31105)
use_collision = true
size = Vector3(85.26974, 9.926758, 19.03196)

[node name="CSGBox3D6" type="CSGBox3D" parent="."]
transform = Transform3D(1, 0, 0, 0, 1, 0, 0, 0, 1, 65.04238, 11.176014, -0.6856489)
use_collision = true
size = Vector3(56.0809, 1, 11.3647)

[node name="CSGBox3D7" type="CSGBox3D" parent="."]
transform = Transform3D(1, 0, 0, 0, 0.85049, 0.52599126, 0, -0.52599126, 0.85049, -40.06078, 3.7698998, 9.558658)
use_collision = true
size = Vector3(56.0809, 1, 15.430042)

[node name="CSGBox3D8" type="CSGBox3D" parent="."]
transform = Transform3D(-0.99994516, 0.005508065, -0.008906145, 0, 0.85049, 0.52599126, 0.010471781, 0.5259624, -0.85044336, -40.06078, 3.7698998, -14.251546)
use_collision = true
size = Vector3(56.0809, 1, 15.430042)
