[gd_scene load_steps=5 format=3 uid="uid://doqxb55jrx43m"]

[ext_resource type="PackedScene" uid="uid://dces3e55616v5" path="res://Scenes/player_parts/player.tscn" id="1_7bco5"]

[sub_resource type="ProceduralSkyMaterial" id="ProceduralSkyMaterial_1b00h"]

[sub_resource type="Sky" id="Sky_1xclh"]
sky_material = SubResource("ProceduralSkyMaterial_1b00h")

[sub_resource type="Environment" id="Environment_u658d"]
background_mode = 2
background_color = Color(0.458824, 0.458824, 0.458824, 1)
background_energy_multiplier = 0.1
sky = SubResource("Sky_1xclh")
ambient_light_color = Color(0.886275, 0, 0, 1)
ambient_light_sky_contribution = 0.5
tonemap_mode = 2
glow_enabled = true
volumetric_fog_enabled = true
volumetric_fog_density = 0.015
volumetric_fog_albedo = Color(1, 0.611765, 0.666667, 1)
volumetric_fog_detail_spread = 5.09824

[node name="World5Workplace" type="Node3D"]

[node name="DirectionalLight3D" type="DirectionalLight3D" parent="."]
transform = Transform3D(-0.848388, -0.458453, 0.264686, 8.6873e-08, 0.499998, 0.866027, -0.529375, 0.734727, -0.424192, -12.2423, 80.9664, 0.407165)
light_energy = 0.5
shadow_enabled = true
shadow_bias = 0.5

[node name="WorldEnvironment" type="WorldEnvironment" parent="."]
environment = SubResource("Environment_u658d")

[node name="CharacterBody3D" parent="." groups=["player"] instance=ExtResource("1_7bco5")]
transform = Transform3D(1, 0, 0, 0, 1, 0, 0, 0, 1, -2.1041, 3.44005, 0.796161)

[node name="CSGBox3D21" type="CSGBox3D" parent="CharacterBody3D"]
transform = Transform3D(1, 0, 0, 0, 0.99924606, -0.038823817, 0, 0.038823817, 0.99924606, 13.9255705, -5.1166477, 46.757336)
use_collision = true
size = Vector3(2.899303, 3.9789124, 3.34827)

[node name="CSGBox3D" type="CSGBox3D" parent="."]
transform = Transform3D(1, 0, 0, 0, 1, 0, 0, 0, 1, 11.0815, 0.39508605, -21.585234)
use_collision = true
size = Vector3(56.0809, 1, 65.98052)

[node name="CSGBox3D2" type="CSGBox3D" parent="."]
transform = Transform3D(1, 0, 0, 0, 1, 0, 0, 0, 1, 4.196324, 5.188242, -13.023384)
use_collision = true
size = Vector3(1, 10, 35.369385)

[node name="CSGBox3D3" type="CSGBox3D" parent="."]
transform = Transform3D(1, 0, 0, 0, 1, 0, 0, 0, 1, 32.318184, 5.188242, -14.610558)
use_collision = true
size = Vector3(1, 10, 39.278717)

[node name="CSGBox3D4" type="CSGBox3D" parent="."]
transform = Transform3D(-4.371139e-08, 0, 1, 0, 1, 0, -1, 0, -4.371139e-08, 21.77901, 5.188242, -23.49095)
use_collision = true
size = Vector3(1, 10, 20.652313)

[node name="CSGBox3D5" type="CSGBox3D" parent="."]
transform = Transform3D(-4.371139e-08, 0, 1, 0, 1, 0, -1, 0, -4.371139e-08, 27.427082, 5.188242, 4.7016764)
use_collision = true
size = Vector3(1, 10, 12.683808)

[node name="CSGBox3D6" type="CSGBox3D" parent="."]
transform = Transform3D(1, 0, 0, 0, 1, 0, 0, 0, 1, 17.788673, 9.826626, -17.10249)
use_collision = true
size = Vector3(34.062157, 1, 49.6128)

[node name="CSGBox3D7" type="CSGBox3D" parent="."]
transform = Transform3D(1, 0, 0, 0, 0.9996929, -0.024781138, 0, 0.024781138, 0.9996929, 39.220146, 2.5769138, -14.656488)
use_collision = true
size = Vector3(1, 4.7773438, 48.928436)

[node name="CSGBox3D8" type="CSGBox3D" parent="."]
transform = Transform3D(-4.371139e-08, 0, 1, 0, 1, 0, -1, 0, -4.371139e-08, 9.47463, 5.188242, 4.5775146)
use_collision = true
size = Vector3(1, 10, 12.683808)

[node name="CSGBox3D9" type="CSGBox3D" parent="."]
transform = Transform3D(1, 0, 0, 0, 1, 0, 0, 0, 1, -6.139859, 5.188242, -9.65632)
use_collision = true
size = Vector3(1, 10, 28.635256)

[node name="CSGBox3D10" type="CSGBox3D" parent="."]
transform = Transform3D(1, 0, 0, 0, 0.99924606, -0.038823817, 0, 0.038823817, 0.99924606, 12.680509, 1.3578637, -0.08896715)
use_collision = true
size = Vector3(5.389426, 2.5984497, 7.7268133)

[node name="CSGBox3D11" type="CSGBox3D" parent="."]
transform = Transform3D(0.8693397, -0.49421498, 0, 0.49421498, 0.8693397, 0, 0, 0, 1, 24.462557, 0.56694555, 1.9607469)
use_collision = true
size = Vector3(5.389426, 2.5984497, 5.8777485)

[node name="CSGBox3D12" type="CSGBox3D" parent="."]
transform = Transform3D(1, 0, 0, 0, 1, 0, 0, 0, 1, 28.945215, 1.6400462, 2.1429467)
use_collision = true
size = Vector3(5.706976, 2.5984497, 6.3424106)

[node name="CSGBox3D13" type="CSGBox3D" parent="."]
transform = Transform3D(1, 0, 0, 0, 1, 0, 0, 0, 1, 14.743295, 3.8724756, -8.706389)
use_collision = true
size = Vector3(21.389885, 7.0633087, 0.8743303)

[node name="CSGBox3D14" type="CSGBox3D" parent="."]
transform = Transform3D(-4.371139e-08, 0, 1, 0, 1, 0, -1, 0, -4.371139e-08, 24.953756, 3.8724756, -12.964903)
use_collision = true
size = Vector3(8.955563, 7.0633087, 0.8743303)

[node name="CSGBox3D15" type="CSGBox3D" parent="."]
transform = Transform3D(-4.371139e-08, 0, 1, 0, 1, 0, -1, 0, -4.371139e-08, 19.033957, 3.8724756, -12.964903)
use_collision = true
size = Vector3(8.955563, 7.0633087, 0.8743303)

[node name="CSGBox3D16" type="CSGBox3D" parent="."]
transform = Transform3D(-4.371139e-08, 0, 1, 0, 1, 0, -1, 0, -4.371139e-08, 13.542982, 3.8724756, -12.964903)
use_collision = true
size = Vector3(8.955563, 7.0633087, 0.8743303)

[node name="CSGBox3D17" type="CSGBox3D" parent="."]
transform = Transform3D(1, 0, 0, 0, 1, 0, 0, 0, 1, 6.12008, 0.8756877, -19.136774)
use_collision = true
size = Vector3(0.9859481, 1.0697327, 16.748932)

[node name="CSGBox3D18" type="CSGBox3D" parent="."]
transform = Transform3D(-4.371139e-08, 0, 1, 0, 1, 0, -1, 0, -4.371139e-08, 21.77901, 5.188242, -33.599174)
use_collision = true
size = Vector3(1, 10, 20.652313)

[node name="CSGBox3D19" type="CSGBox3D" parent="."]
transform = Transform3D(1, 0, 0, 0, 0.99657995, -0.08263427, 0, 0.08263427, 0.99657995, 11.0815, -2.2619362, 43.75051)
use_collision = true
size = Vector3(56.0809, 1, 65.98052)

[node name="CSGBox3D20" type="CSGBox3D" parent="CSGBox3D19"]
transform = Transform3D(1, 0, 0, 0, 0.9999867, -0.005148694, 0, 0.005148694, 0.9999867, 28.138645, 2.2951481, -2.440117)
use_collision = true
size = Vector3(1, 4.7773438, 48.928436)

[node name="CSGBox3D21" type="CSGBox3D" parent="CSGBox3D19"]
transform = Transform3D(1, 0, 0, 0, 0.9975285, 0.07026137, 0, -0.07026137, 0.9975285, 2.8440704, 2.1926014, -5.0332413)
use_collision = true
size = Vector3(2.899303, 3.9789124, 3.34827)

[node name="CSGBox3D22" type="CSGBox3D" parent="CSGBox3D19"]
transform = Transform3D(1, 0, 0, 0, 0.99968195, -0.025217332, 0, 0.025217332, 0.99968195, 20.153755, 1.7801151, -13.749924)
use_collision = true
size = Vector3(8.868597, 2.965042, 4.342226)

[node name="CSGBox3D23" type="CSGBox3D" parent="CSGBox3D19"]
transform = Transform3D(1, 0, 0, 0, 0.99968195, -0.025217332, 0, 0.025217332, 0.99968195, 20.153755, 1.7298696, -7.4297867)
use_collision = true
size = Vector3(8.868597, 2.965042, 4.342226)

[node name="CSGBox3D24" type="CSGBox3D" parent="CSGBox3D19"]
transform = Transform3D(1, 0, 0, 0, 0.99968195, -0.025217332, 0, 0.025217332, 0.99968195, 20.153755, 1.5648735, -1.9439774)
use_collision = true
size = Vector3(8.868597, 2.965042, 4.342226)

[node name="CSGBox3D25" type="CSGBox3D" parent="CSGBox3D19"]
transform = Transform3D(0.9892698, 0.012822387, 0.14553654, -0.012072823, 0.9999073, -0.006031409, -0.14560065, 0.004210256, 0.9893384, -22.517342, 7.0747356, -9.761677)
use_collision = true
size = Vector3(1, 14.24707, 63.77867)
