[gd_scene load_steps=38 format=3 uid="uid://c74mm55pbgil4"]

[ext_resource type="Texture2D" uid="uid://d2ei6g2hv4iel" path="res://textures/background top.png" id="1_pb7b5"]
[ext_resource type="Texture2D" uid="uid://yo7i30kqta6q" path="res://textures/Grass_12-512x512.png" id="3_46517"]
[ext_resource type="PackedScene" uid="uid://dces3e55616v5" path="res://Scenes/player.tscn" id="3_leven"]
[ext_resource type="PackedScene" uid="uid://pri0gtr8s1qj" path="res://Scenes/bush.tscn" id="5_flgaq"]
[ext_resource type="PackedScene" uid="uid://bgaxd13cn6ucb" path="res://Scenes/glass.tscn" id="10_obugd"]
[ext_resource type="PackedScene" uid="uid://dlst0rgesxcjk" path="res://Scenes/shotgun_dropped.tscn" id="13_yj2m1"]
[ext_resource type="PackedScene" uid="uid://dnviiuk2u24bi" path="res://Scenes/table.tscn" id="15_bm8wm"]
[ext_resource type="PackedScene" uid="uid://bqo7g88uvwsta" path="res://Scenes/light.tscn" id="16_5sepv"]
[ext_resource type="PackedScene" uid="uid://b7adh0474y74v" path="res://Scenes/savepoint.tscn" id="16_ehatj"]
[ext_resource type="PackedScene" uid="uid://bqlro6hhkahua" path="res://Scenes/grenade_dropped.tscn" id="17_7tgvk"]
[ext_resource type="PackedScene" uid="uid://dms1akyc4a36y" path="res://Scenes/medikit.tscn" id="18_20ky0"]
[ext_resource type="PackedScene" uid="uid://bfiru246dbjax" path="res://chruch.tscn" id="19_te7ij"]
[ext_resource type="PackedScene" uid="uid://b1s6ge6wvnf47" path="res://Scenes/house.tscn" id="20_2tsel"]
[ext_resource type="PackedScene" uid="uid://s4dq7nvumsix" path="res://Scenes/beer_bottle_litter.tscn" id="20_82bg5"]
[ext_resource type="PackedScene" uid="uid://bwwptgjr6pw5b" path="res://Scenes/ammo_pistol.tscn" id="21_yenb5"]
[ext_resource type="PackedScene" uid="uid://cqbg8j44khcj6" path="res://Scenes/ammo_shotgun.tscn" id="22_ia1i2"]
[ext_resource type="PackedScene" uid="uid://dlscv3sge6u5e" path="res://Scenes/gun_dropped.tscn" id="22_tjl7f"]
[ext_resource type="PackedScene" uid="uid://c4kjwelcqo6vf" path="res://Scenes/ladder.tscn" id="23_ntxv3"]
[ext_resource type="PackedScene" uid="uid://cvihmp2ma48n5" path="res://Scenes/beartrap.tscn" id="25_5tjsh"]
[ext_resource type="PackedScene" uid="uid://digdc0wdsetba" path="res://Scenes/flashlight_dropped.tscn" id="25_lw226"]
[ext_resource type="PackedScene" uid="uid://br0g07qsnk8xt" path="res://dark_moon.tscn" id="26_1g0h0"]
[ext_resource type="PackedScene" uid="uid://b1w4m3gw31ol8" path="res://dark_moon_trigger.tscn" id="27_28jf4"]
[ext_resource type="PackedScene" uid="uid://cxhi1vghrxjws" path="res://Scenes/note.tscn" id="27_28sf7"]
[ext_resource type="PackedScene" uid="uid://d2csfac4jugp2" path="res://Scenes/water.tscn" id="27_nijyp"]
[ext_resource type="PackedScene" uid="uid://dj1r66vn40rp2" path="res://Scenes/lava.tscn" id="28_0cw5c"]
[ext_resource type="PackedScene" uid="uid://dhunj16wsng6n" path="res://Scenes/propane_tank.tscn" id="28_pqj3g"]
[ext_resource type="PackedScene" uid="uid://d6vrirhkna1a" path="res://Scenes/sentrygun.tscn" id="29_6n3hy"]
[ext_resource type="PackedScene" uid="uid://c7akcggds32mw" path="res://Scenes/tree.tscn" id="29_k5y12"]
[ext_resource type="PackedScene" uid="uid://bs48udd024l4p" path="res://Scenes/tunnel.tscn" id="30_tn08x"]

[sub_resource type="ProceduralSkyMaterial" id="ProceduralSkyMaterial_7nxjc"]

[sub_resource type="Sky" id="Sky_m1s6g"]
sky_material = SubResource("ProceduralSkyMaterial_7nxjc")

[sub_resource type="Environment" id="Environment_kl5jl"]
background_mode = 2
background_color = Color(0.458824, 0.458824, 0.458824, 1)
background_energy_multiplier = 0.1
sky = SubResource("Sky_m1s6g")
ambient_light_color = Color(0.886275, 0, 0, 1)
ambient_light_sky_contribution = 0.5
tonemap_mode = 2
glow_enabled = true
volumetric_fog_enabled = true
volumetric_fog_density = 0.015
volumetric_fog_albedo = Color(1, 0.611765, 0.666667, 1)
volumetric_fog_detail_spread = 5.09824

[sub_resource type="StandardMaterial3D" id="StandardMaterial3D_ld07o"]
albedo_texture = ExtResource("1_pb7b5")
uv1_scale = Vector3(10, 1, 1)

[sub_resource type="StandardMaterial3D" id="StandardMaterial3D_1yvm4"]
albedo_texture = ExtResource("3_46517")
uv1_scale = Vector3(10, 10, 10)

[sub_resource type="StandardMaterial3D" id="StandardMaterial3D_3flw7"]
albedo_color = Color(0.411765, 0.498039, 0.411765, 1)

[sub_resource type="StandardMaterial3D" id="StandardMaterial3D_s83hw"]
albedo_color = Color(0.458405, 0.458405, 0.458405, 1)

[sub_resource type="StandardMaterial3D" id="StandardMaterial3D_ycdsb"]
albedo_color = Color(0.458405, 0.458405, 0.458405, 1)

[node name="World" type="Node3D"]
transform = Transform3D(1, 0, 0, 0, 1, 0, 0, 0, 1, 0.139556, 0.0229417, -0.36441)

[node name="DirectionalLight3D" type="DirectionalLight3D" parent="."]
transform = Transform3D(-0.848388, -0.458453, 0.264686, 8.6873e-08, 0.499998, 0.866027, -0.529375, 0.734727, -0.424192, -12.2423, 80.9664, 0.407165)
light_energy = 0.5
shadow_enabled = true
shadow_bias = 0.5

[node name="WorldEnvironment" type="WorldEnvironment" parent="."]
environment = SubResource("Environment_kl5jl")

[node name="CharacterBody3D" parent="." groups=["player"] instance=ExtResource("3_leven")]
transform = Transform3D(0.421447, 0, 0.906853, 0, 1, 0, -0.906853, 0, 0.421447, 6.08182, 14.1838, 22.3192)

[node name="CSGBox3D12" type="CSGBox3D" parent="."]
transform = Transform3D(1.57079, -0.332754, 1.59381e-08, -4.1889e-23, -1.19674e-07, -3, 0.19234, 2.71752, -1.30162e-07, 46.4148, 16.7773, -132.804)
use_collision = true
size = Vector3(1, 65.6371, 13.5793)
material = SubResource("StandardMaterial3D_ld07o")

[node name="CSGBox3D6" type="CSGBox3D" parent="."]
transform = Transform3D(-0.88027, 0.423626, -0.641086, 0.192558, -0.0926676, -2.9307, -0.433643, -0.901085, 1.18163e-07, -4.41322, 9.54534, -98.6015)
use_collision = true
size = Vector3(1, 103.869, 13.5793)
material = SubResource("StandardMaterial3D_ld07o")

[node name="CSGBox3D7" type="CSGBox3D" parent="."]
transform = Transform3D(0.224144, 0.965926, -0.388228, 0.266457, 0.0669873, 2.88455, 0.937422, -0.25, -0.727087, -8.59013, 14.953, -14.4724)
use_collision = true
size = Vector3(1, 69, 9.86759)
material = SubResource("StandardMaterial3D_ld07o")

[node name="CSGBox3D10" type="CSGBox3D" parent="."]
transform = Transform3D(4.77017, 0.371744, 9.47261e-08, 0, -2.25708e-08, 3.01012, 4.94811, -0.358375, -9.13195e-08, 17.7416, 7.07491, 11.6607)
use_collision = true
size = Vector3(2.00867, 103.869, 4.62119)
material = SubResource("StandardMaterial3D_ld07o")

[node name="CSGBox3D5" type="CSGBox3D" parent="."]
transform = Transform3D(0.995246, -4.25713e-09, -0.292175, -0.0973918, -4.35036e-08, -2.98574, 0, 1, -1.31134e-07, 35.5221, 21.1736, -1.75322)
use_collision = true
size = Vector3(1, 103.869, 9.86759)
material = SubResource("StandardMaterial3D_ld07o")

[node name="CSGBox3D11" type="CSGBox3D" parent="."]
transform = Transform3D(0.415614, 0.909541, -1.19272e-07, 0, -4.37114e-08, -3, -0.909541, 0.415614, -5.45011e-08, -21.4852, 17.1066, -56.3564)
use_collision = true
size = Vector3(1, 103.869, 9.86759)
material = SubResource("StandardMaterial3D_ld07o")

[node name="CSGBox3D8" type="CSGBox3D" parent="."]
transform = Transform3D(-0.670467, -0.741938, 0.0046611, 0.215905, -0.193103, 2.87139, -0.70983, 0.642058, 0.868971, 3.27135, 15.3085, 28.5284)
use_collision = true
size = Vector3(1, 103.869, 9.86759)
material = SubResource("StandardMaterial3D_ld07o")

[node name="CSGBox3D9" type="CSGBox3D" parent="."]
transform = Transform3D(-0.939949, 0.341314, 4.4758e-08, -3.47533e-15, -4.37114e-08, 3, 0.341314, 0.939949, 1.23259e-07, -16.2479, 15.0796, -19.0809)
use_collision = true
size = Vector3(1, 103.869, 9.86759)
material = SubResource("StandardMaterial3D_ld07o")

[node name="Floor" type="CSGBox3D" parent="."]
transform = Transform3D(1, 0, 0, 0, 1, 0, 0, 0, 1, 1.09802, 0.494306, -73.3357)
use_collision = true
size = Vector3(100, 1, 252.781)
material = SubResource("StandardMaterial3D_1yvm4")

[node name="Node3D6" parent="." instance=ExtResource("5_flgaq")]
transform = Transform3D(-0.591873, 0, -0.806032, 0, 2, 0, 0.806032, 0, -0.591873, 16.2501, 8.50291, 1.8053)

[node name="Node3D5" parent="." instance=ExtResource("5_flgaq")]
transform = Transform3D(0.451734, 0, -0.892153, 0, 3, 0, 0.892153, 0, 0.451734, 12.8604, 14.262, 15.3644)

[node name="house" parent="." instance=ExtResource("20_2tsel")]
transform = Transform3D(0.451734, 0, -0.892153, 0, 1, 0, 0.892153, 0, 0.451734, 3.75199, 14.2639, 20.7009)

[node name="ladder" parent="." instance=ExtResource("23_ntxv3")]
transform = Transform3D(0.0252696, 0, -0.999681, 0, 5.30652, 0, 0.999681, 0, 0.0252696, 27.214, 13.2513, -35.4024)

[node name="savepoint2" parent="." instance=ExtResource("16_ehatj")]
transform = Transform3D(0.451734, 0, -0.892153, 0, 1, 0, 0.892153, 0, 0.451734, 32.9007, 13.7472, -34.3714)

[node name="ladder2" parent="." instance=ExtResource("23_ntxv3")]
transform = Transform3D(-4.37114e-08, 0, 1, 0, 4.46758, 0, -1, 0, -4.37114e-08, 31.4733, 14.0455, -46.6022)

[node name="ladder3" parent="." instance=ExtResource("23_ntxv3")]
transform = Transform3D(-0.104112, 0, -0.994566, 0, 7.74731, 0, 0.994566, 0, -0.104112, 17.7196, 20.8557, -91.4721)

[node name="note" parent="." instance=ExtResource("27_28sf7")]
transform = Transform3D(1, 0, 0, 0, 1, 0, 0, 0, 1, 16.6127, 0.846079, 40.6857)

[node name="sentrygun" parent="." instance=ExtResource("29_6n3hy")]
transform = Transform3D(-0.865474, 0, 0.500952, 0, 1, 0, -0.500952, 0, -0.865474, 24.8976, 14.5823, 2.21861)

[node name="Water" parent="." instance=ExtResource("27_nijyp")]
transform = Transform3D(44.8765, 0, 0, 0, 5.54374, 0, 0, 0, 38.5678, 3.37353, 9.62938, -2.02181)

[node name="lava" parent="." instance=ExtResource("28_0cw5c")]
transform = Transform3D(66.2899, 0, -11.7288, 0, 10.4827, 0, 10.542, 0, 73.7529, 12.7889, 5.2084, -78.6841)

[node name="CSGBox3D" type="CSGBox3D" parent="."]
transform = Transform3D(1, 0, 0, 0, 1, 0, 0, 0, 1, 0.5895, 7.92214, 0)
use_collision = true
size = Vector3(50, 1, 50)
material = SubResource("StandardMaterial3D_3flw7")

[node name="CSGBox3D2" type="CSGBox3D" parent="."]
transform = Transform3D(0.66378, -0.211431, -0.717421, 0.303501, 0.952831, 0, 0.683582, -0.217738, 0.696639, 7.78925, 10.4277, 3.41366)
use_collision = true
size = Vector3(16.0322, 2.41147, 7.23439)
material = SubResource("StandardMaterial3D_s83hw")

[node name="CSGBox3D14" type="CSGBox3D" parent="."]
transform = Transform3D(0.999986, 0, 0.00537566, 0, 1, 0, -0.00537566, 0, 0.999986, 30.1098, 3.3421, -44.4565)
use_collision = true
size = Vector3(10.796, 19.897, 11.7417)
material = SubResource("StandardMaterial3D_ycdsb")

[node name="CSGBox3D15" type="CSGBox3D" parent="."]
transform = Transform3D(-0.999965, 0, -0.00806333, 0, 1, 0, 0.00806333, 0, -0.999965, 30.413, 6.70045, -59.5384)
use_collision = true
size = Vector3(7.77446, 9.34401, 10.7198)
material = SubResource("StandardMaterial3D_ycdsb")

[node name="CSGBox3D18" type="CSGBox3D" parent="."]
transform = Transform3D(-0.0662383, 0, 0.997788, 0, 1, 0, -0.997788, 0, -0.0662383, 26.8422, 5.74944, -101.576)
use_collision = true
size = Vector3(27.5985, 19.897, 23.231)
material = SubResource("StandardMaterial3D_ycdsb")

[node name="CSGBox3D17" type="CSGBox3D" parent="."]
transform = Transform3D(0.999934, 0, 0.010751, 0.00253039, 0.971908, -0.235347, -0.010449, 0.235363, 0.971843, 33.9638, 2.93427, -80.3102)
use_collision = true
size = Vector3(10.796, 19.897, 23.4973)
material = SubResource("StandardMaterial3D_ycdsb")

[node name="CSGBox3D16" type="CSGBox3D" parent="."]
transform = Transform3D(0.999981, 0, 0.00537562, 0, 1, 0, -0.00537562, 0, 0.999981, 20.1475, 18.6375, -106.103)
use_collision = true
size = Vector3(10.796, 19.897, 28.9681)
material = SubResource("StandardMaterial3D_ycdsb")

[node name="CSGBox3D13" type="CSGBox3D" parent="."]
transform = Transform3D(-0.999997, 0, -0.00268784, 0, 1, 0, 0.00268784, 0, -0.999997, 20.4484, 21.6288, -28.7315)
use_collision = true
size = Vector3(10.796, 19.897, 11.7417)
material = SubResource("StandardMaterial3D_ycdsb")

[node name="CSGBox3D4" type="CSGBox3D" parent="."]
transform = Transform3D(0.00134392, 0, -0.999999, 0, 1, 0, 0.999999, 0, 0.00134392, 20.3164, 15.936, -40.8637)
use_collision = true
size = Vector3(10.796, 5, 30)
material = SubResource("StandardMaterial3D_ycdsb")

[node name="CSGBox3D3" type="CSGBox3D" parent="."]
transform = Transform3D(1, 0, 0, 0, 1, 0, 0, 0, 1, 30.2288, 11.2434, -20.6309)
use_collision = true
size = Vector3(10, 5, 30)
material = SubResource("StandardMaterial3D_ycdsb")

[node name="note2" parent="." instance=ExtResource("27_28sf7")]
transform = Transform3D(1, 0, 0, 0, 1, 0, 0, 0, 1, 13.3775, 8.42214, 2.83999)
title = "Dolomiten:"
text = "The search for cursed water in Val Straniero?"

[node name="glass" parent="." instance=ExtResource("10_obugd")]
transform = Transform3D(6.30711, 0, 4.89289, 0, 2.73, 0, 6.30711, 0, -4.89289, 21.3629, 15.3985, 4.86027)

[node name="shotgun_dropped" parent="." instance=ExtResource("13_yj2m1")]
transform = Transform3D(0.407151, 0.907095, 0.106802, 0.912313, -0.409493, 4.56013e-08, 0.0437347, 0.0974369, -0.99428, 33.8117, 14.3164, -7.25815)
spare_ammo = 0

[node name="note3" parent="." instance=ExtResource("27_28sf7")]
transform = Transform3D(1.52831, 0, 0, 0, -4.37114e-08, -1.74892, 0, 1, -7.64476e-08, 29.2741, 15.2544, -35.2541)
title = "Climb ladders"
text = "Press f to hold on ladder"

[node name="FogVolume2" type="FogVolume" parent="."]
transform = Transform3D(1, 0, 0, 0, 1, 0, 0, 0, 1, 11.1775, 21.1222, -20.8048)
size = Vector3(25.1029, 12.0837, 10.5274)
shape = 0

[node name="FogVolume" type="FogVolume" parent="."]
transform = Transform3D(1, 0, 0, 0, 1, 0, 0, 0, 1, -7.47631, 23.6186, -16.7639)
size = Vector3(18.318, 12.0837, 10.5274)
shape = 0

[node name="table" parent="." instance=ExtResource("15_bm8wm")]
transform = Transform3D(1, 0, 0, 0, 1, 0, 0, 0, 1, 1.22246, 14.2635, 21.5184)

[node name="sentrygun2" parent="." instance=ExtResource("29_6n3hy")]
transform = Transform3D(0.952369, 0, -0.304947, 0, 1, 0, 0.304947, 0, 0.952369, 30.8874, 14.3641, -29.64)

[node name="sentrygun3" parent="." instance=ExtResource("29_6n3hy")]
transform = Transform3D(0.939913, 0, -0.341413, 0, 1, 0, 0.341413, 0, 0.939913, 31.3736, 16.287, -112.843)

[node name="FogVolume4" type="FogVolume" parent="."]
transform = Transform3D(-0.532596, 0, -0.84637, 0, 1, 0, 0.84637, 0, -0.532596, -20.5516, 19.1563, -73.6104)
size = Vector3(70.6913, 15.7881, 19.1977)

[node name="sentrygun4" parent="." instance=ExtResource("29_6n3hy")]
transform = Transform3D(0.97276, 0, -0.231816, 0, 1, 0, 0.231816, 0, 0.97276, 33.6419, 16.3532, -111.866)

[node name="note4" parent="." instance=ExtResource("27_28sf7")]
transform = Transform3D(1.6666, 0, -1.10565, 0, 2, 0, 1.10565, 0, 1.6666, 22.6804, 28.5818, -118.804)
title = "The jump is save"
text = "for bold val straneri"
cooldown_time = 1

[node name="Node3D2" parent="." instance=ExtResource("16_5sepv")]
transform = Transform3D(1, 0, 0, 0, 1, 0, 0, 0, 1, 32.8401, 16.3856, -35.3289)

[node name="Node3D3" parent="." instance=ExtResource("16_5sepv")]
transform = Transform3D(1, 0, 0, 0, 1, 0, 0, 0, 1, 21.4515, 19.9045, -91.4303)

[node name="sentrygun5" parent="." instance=ExtResource("29_6n3hy")]
transform = Transform3D(0.217291, 0, 0.976107, 0, 1, 0, -0.976107, 0, 0.217291, 11.3384, 18.98, -43.1555)

[node name="grenade_dropped2" parent="." instance=ExtResource("17_7tgvk")]
transform = Transform3D(1, 0, 0, 0, 1, 0, 0, 0, 1, 16.0783, 18.436, -40.954)

[node name="grenade_dropped3" parent="." instance=ExtResource("17_7tgvk")]
transform = Transform3D(1, 0, 0, 0, 1, 0, 0, 0, 1, 4.76875, 15.4901, -47.4247)

[node name="Node3D4" parent="." instance=ExtResource("5_flgaq")]
transform = Transform3D(1, 0, 0, 0, 2, 0, 0, 0, 1, 10.3155, 14.2132, 16.6309)

[node name="note5" parent="." instance=ExtResource("27_28sf7")]
transform = Transform3D(0.107597, 0, -1.52017, 0, 1.09055, 0, 1.56781, 0, 0.104328, 1.7069, 15.0584, 21.7426)
title = "Dolomiten"
text = "Edgelord billionaire E. Tusk is buying Val Straniero. Suspense on what will change for inhabitants"
cooldown_time = 10

[node name="CSGBox3D21" type="CSGBox3D" parent="."]
transform = Transform3D(-0.511959, 0.039929, 0.873437, -0.156712, 0.0159954, -2.74986, -0.202181, -0.113506, -0.0802575, 18.6773, 20.1111, -124.25)
use_collision = true
size = Vector3(1, 103.869, 9.24225)
material = SubResource("StandardMaterial3D_ld07o")

[node name="savepoint" parent="." instance=ExtResource("16_ehatj")]
transform = Transform3D(-0.867774, 0, -0.496959, 0, 1, 0, 0.496959, 0, -0.867774, 23.2394, 28.5298, -115.349)

[node name="Medikit" parent="." instance=ExtResource("18_20ky0")]
transform = Transform3D(-0.0371896, 0.297686, -3.54986e-09, -3.17637e-23, 3.57746e-09, 0.3, 0.297686, 0.0371896, -4.4348e-10, 22.7642, 28.586, -116.922)

[node name="CSGBox3D24" type="CSGBox3D" parent="."]
transform = Transform3D(0.222393, 0.974626, 0.00551388, -0.00665734, 0.00320014, -3.35565, -0.975744, 0.222116, 0.0241529, 7.35059, 0.564132, -118.825)
use_collision = true
size = Vector3(1, 103.869, 7.59166)
material = SubResource("StandardMaterial3D_ld07o")

[node name="CSGBox3D25" type="CSGBox3D" parent="."]
transform = Transform3D(-0.998888, -0.0612451, 0.0216238, -0.00665734, 0.00320014, -3.35565, 0.0612944, -0.997738, -0.0120904, 18.2607, 4.23766, -114.072)
use_collision = true
size = Vector3(1, 88.7332, 3.19162)
material = SubResource("StandardMaterial3D_ld07o")

[node name="CSGBox3D26" type="CSGBox3D" parent="."]
transform = Transform3D(-0.998888, -0.0612451, 0.0216238, -0.00665734, 0.00320014, -3.35565, 0.0612944, -0.997738, -0.0120904, 25.6523, 3.50412, -111.035)
use_collision = true
size = Vector3(1, 82.6271, 2.55832)
material = SubResource("StandardMaterial3D_ld07o")

[node name="CSGBox3D27" type="CSGBox3D" parent="."]
transform = Transform3D(-0.142488, -0.00516165, -3.32151, 0.988696, 0.0611111, -0.477939, 0.0612944, -0.997738, -0.0120904, 20.3809, 10.0444, -136.326)
use_collision = true
size = Vector3(1, 20.3927, 2.78854)
material = SubResource("StandardMaterial3D_ld07o")

[node name="Water2" parent="." instance=ExtResource("27_nijyp")]
transform = Transform3D(8.57509, 0, 0, 0, 8, 0, 0, 0, 8, 22.3301, -0.631071, -119.84)

[node name="Node3D" parent="." instance=ExtResource("16_5sepv")]
transform = Transform3D(1, 0, 0, 0, 1, 0, 0, 0, 1, 18.2492, 5.08599, -124.061)

[node name="CSGBox3D28" type="CSGBox3D" parent="."]
transform = Transform3D(0.222393, 0.974626, 0.00551389, -0.154997, 0.0369481, -3.31293, -0.963378, 0.219045, 0.534287, 37.414, 12.218, -111.993)
use_collision = true
size = Vector3(1, 24.8317, 14.8476)
material = SubResource("StandardMaterial3D_ld07o")

[node name="CSGBox3D29" type="CSGBox3D" parent="."]
transform = Transform3D(-0.49651, 0.860923, 0.36938, -0.154997, 0.0369481, -3.31293, -0.855005, -0.506644, 0.386072, 6.73832, 12.218, -111.993)
use_collision = true
size = Vector3(1, 24.8317, 14.8476)
material = SubResource("StandardMaterial3D_ld07o")

[node name="church" parent="." instance=ExtResource("19_te7ij")]
transform = Transform3D(-0.829652, 0, -0.558281, 0, 1, 0, 0.558281, 0, -0.829652, 21.1591, 12.5116, -190.573)

[node name="SpotLight3D" type="SpotLight3D" parent="."]
transform = Transform3D(1, 0, 0, 0, 0.655084, -0.755556, 0, 0.755556, 0.655084, 20.8818, 2.39387, -162.908)
spot_range = 58.0232
spot_angle = 17.3642

[node name="CSGBox3D30" type="CSGBox3D" parent="."]
transform = Transform3D(-0.999965, 0, -0.00806333, 0, 1, 0, 0.00806333, 0, -0.999965, 14.6025, 6.70045, -66.0865)
use_collision = true
size = Vector3(3.02737, 9.34401, 3.19124)
material = SubResource("StandardMaterial3D_ycdsb")

[node name="sentrygun7" parent="." instance=ExtResource("29_6n3hy")]
transform = Transform3D(0.592463, 0, 0.805598, 0, 1, 0, -0.805598, 0, 0.592463, 13.7628, 11.879, -65.145)

[node name="CSGBox3D31" type="CSGBox3D" parent="."]
transform = Transform3D(-0.0579148, -0.997942, -0.00943341, -0.00665734, 0.00320014, -3.35565, 0.99909, -0.057827, -0.022908, 22.29, 0.496964, -124.062)
use_collision = true
size = Vector3(0.641113, 13.2891, 1.70445)
material = SubResource("StandardMaterial3D_ld07o")

[node name="beer_bottle_litter" parent="." instance=ExtResource("20_82bg5")]
transform = Transform3D(2, 0, 0, 0, 2, 0, 0, 0, 2, 22.1847, 1.03429, -126.157)

[node name="beer_bottle_litter2" parent="." instance=ExtResource("20_82bg5")]
transform = Transform3D(2, 0, 0, 0, 2, 0, 0, 0, 2, 19.3934, 1.03429, -126.183)

[node name="CSGBox3D32" type="CSGBox3D" parent="."]
transform = Transform3D(-0.495832, -0.868312, 0.00172833, -0.00665734, 0.00320014, -3.35565, 0.869301, -0.495244, -0.024714, 17.0993, 6.28962, -197.754)
use_collision = true
size = Vector3(30.4219, 77.0462, 3.47337)
material = SubResource("StandardMaterial3D_ld07o")

[node name="CSGBox3D33" type="CSGBox3D" parent="."]
transform = Transform3D(-0.84442, 0.0197761, 1.7999, -0.536553, 0.0161576, -2.83218, -0.0253866, -0.999295, -0.0101736, 21.796, 3.77458, -133.943)
use_collision = true
size = Vector3(2.99811, 4.19889, 1.70445)
material = SubResource("StandardMaterial3D_ld07o")

[node name="gun_dropped" parent="." instance=ExtResource("22_tjl7f")]
transform = Transform3D(0.167337, -0.9859, 0, 0.9859, 0.167337, 0, 0, 0, 1, 1.77819, 15.4097, 21.2384)
loaded = 0
spare_ammo = 0

[node name="ammo_pistol" parent="." instance=ExtResource("21_yenb5")]
transform = Transform3D(1, 0, 0, 0, 1, 0, 0, 0, 1, 11.8879, 14.2146, 17.2881)

[node name="CSGBox3D34" type="CSGBox3D" parent="."]
transform = Transform3D(1.33245, 1.47707, -7.07476e-08, -1.39514e-15, -1.19674e-07, -3, -0.85378, 2.30519, -1.10413e-07, 22.866, 12.5809, -28.0496)
use_collision = true
size = Vector3(1, 9.74168, 4.73977)
material = SubResource("StandardMaterial3D_ld07o")

[node name="ammo_shotgun" parent="." instance=ExtResource("22_ia1i2")]
transform = Transform3D(1, 0, 0, 0, 1, 0, 0, 0, 1, 12.6936, 8.5888, 3.14813)

[node name="CSGBox3D35" type="CSGBox3D" parent="."]
transform = Transform3D(1.54603, 0.584593, -2.80004e-08, -1.79852e-15, -1.19674e-07, -3, -0.337908, 2.67468, -1.2811e-07, 14.0298, 10.5819, -94.3229)
use_collision = true
size = Vector3(1.52332, 5.51331, 3.40711)
material = SubResource("StandardMaterial3D_ld07o")

[node name="lightbulb" parent="." instance=ExtResource("16_5sepv")]
transform = Transform3D(1, 0, 0, 0, -0.701444, 0.712724, 0, -0.712724, -0.701444, 22.6894, 24.2266, -188.215)

[node name="CSGBox3D36" type="CSGBox3D" parent="."]
transform = Transform3D(-0.0579148, -0.997942, -0.00943341, -0.00665734, 0.00320014, -3.35565, 0.99909, -0.057827, -0.022908, 20.6934, 6.52833, -134.024)
use_collision = true
size = Vector3(0.641113, 6.56526, 1.0993)
material = SubResource("StandardMaterial3D_ld07o")

[node name="flashlight_dropped" parent="." instance=ExtResource("25_lw226")]
transform = Transform3D(1, 0, 0, 0, 0.239533, -0.970888, 0, 0.970888, 0.239533, 13.0122, 16.3788, -99.4813)

[node name="CSGBox3D37" type="CSGBox3D" parent="."]
transform = Transform3D(-0.0579148, -0.997942, -0.00943341, 0.246462, -0.011542, -3.25216, 0.968236, -0.0567538, 0.827265, 21.9028, 18.0147, -126.207)
use_collision = true
size = Vector3(0.641113, 10.0959, 6.17741)
material = SubResource("StandardMaterial3D_ld07o")

[node name="Beartrap" parent="." instance=ExtResource("25_5tjsh")]
transform = Transform3D(0.5, 0, 0, 0, 0.5, 0, 0, 0, 0.5, 19.2656, 0.994306, -133.359)

[node name="dark_moon" parent="." instance=ExtResource("26_1g0h0")]
transform = Transform3D(1, 0, 0, 0, 1, 0, 0, 0, 1, 11.9686, -67.3622, -311.207)

[node name="CSGBox3D38" type="CSGBox3D" parent="."]
transform = Transform3D(-0.996176, 0.0130419, -0.318815, 0.0949588, -0.0096579, -3.34045, -0.0139162, -0.999489, 0.028118, 26.2668, 19.872, -122.382)
use_collision = true
size = Vector3(0.641113, 10.0959, 8.32094)
material = SubResource("StandardMaterial3D_ld07o")

[node name="dark_moon_trigger" parent="." instance=ExtResource("27_28jf4")]
transform = Transform3D(3.35674, 0, 0, 0, 1.63517, 0, 0, 0, 1, 19.5052, 2.31891, -136.551)

[node name="CSGBox3D39" type="CSGBox3D" parent="."]
transform = Transform3D(-0.275069, -0.961121, -0.00419366, -0.00665734, 0.00320014, -3.35565, 0.962222, -0.274733, -0.0244168, 16.1993, 1.38152, -154.738)
use_collision = true
size = Vector3(1, 30.2437, 1.31589)
material = SubResource("StandardMaterial3D_ld07o")

[node name="note6" parent="." instance=ExtResource("27_28sf7")]
transform = Transform3D(1, 0, 0, 0, -4.37114e-08, -1, 0, 1, -4.37114e-08, 17.8315, 2.14203, -152.585)
title = "Thank you!"
text = "Thank you for taking your time and playing the demo, please give me some feedback on what you liked and what you didnt. What you didnt understand and what you think this game should become"
cooldown_time = 10

[node name="ammo_pistol2" parent="." instance=ExtResource("21_yenb5")]
transform = Transform3D(1, 0, 0, 0, 1, 0, 0, 0, 1, 0.899734, 15.1841, 21.2149)

[node name="CSGBox3D22" type="CSGBox3D" parent="."]
transform = Transform3D(0.999934, 0, 0.010751, 0.00253039, 0.971908, -0.235347, -0.010449, 0.235363, 0.971843, 14.2589, 1.46151, -68.8361)
use_collision = true
size = Vector3(4.48833, 19.8107, 11.2703)
material = SubResource("StandardMaterial3D_ycdsb")

[node name="CSGBox3D23" type="CSGBox3D" parent="."]
transform = Transform3D(-0.976903, 0.0526809, 0.207048, 0.00253039, 0.971908, -0.235347, -0.21363, -0.229391, -0.949592, 13.8437, 0.661687, -63.0508)
use_collision = true
size = Vector3(4.48833, 19.8107, 8.36316)
material = SubResource("StandardMaterial3D_ycdsb")

[node name="bush" parent="." instance=ExtResource("5_flgaq")]
transform = Transform3D(1, 0, 0, 0, 3, 0, 0, 0, 1, 23.9431, 15.9177, -90.7905)

[node name="bush2" parent="." instance=ExtResource("5_flgaq")]
transform = Transform3D(1, 0, 0, 0, 3, 0, 0, 0, 1, 24.4131, 16.0006, -88.793)

[node name="note7" parent="." instance=ExtResource("27_28sf7")]
transform = Transform3D(-4.37114e-08, 1, -4.37114e-08, 0, -4.37114e-08, -1, -1, -4.37114e-08, 1.91069e-15, 25.6564, 17.2635, -93.3322)
title = "Note from E. Tusk:"
text = "Move the workers further into the valley, we need to make it tourist ready until next week!"
cooldown_time = 15

[node name="CSGBox3D40" type="CSGBox3D" parent="."]
transform = Transform3D(0.999935, -0.00174523, 0.0104717, 0.00174531, 0.999999, 0, -0.0104717, 1.82767e-05, 0.999936, 0.718654, 28.9855, -47.5231)
use_collision = true
size = Vector3(13.0274, 5.62821, 11.2703)
material = SubResource("StandardMaterial3D_ycdsb")

[node name="CSGBox3D41" type="CSGBox3D" parent="."]
transform = Transform3D(0.999935, -0.00174523, 0.0104717, 0.00673058, 0.867035, -0.498199, -0.00820985, 0.498246, 0.86699, 0.718654, 26.8661, -46.6798)
use_collision = true
size = Vector3(13.0274, 5.62821, 11.2703)
material = SubResource("StandardMaterial3D_ycdsb")

[node name="CSGBox3D42" type="CSGBox3D" parent="."]
transform = Transform3D(-0.999965, 0, -0.00806333, 0, 1, 0, 0.00806333, 0, -0.999965, 2.93262, 10.4621, -46.3642)
use_collision = true
size = Vector3(5.85493, 9.34401, 5.05123)
material = SubResource("StandardMaterial3D_ycdsb")

[node name="CSGBox3D43" type="CSGBox3D" parent="."]
transform = Transform3D(-0.988969, 0.0606479, 0.13512, 0.0600894, 0.998159, -0.00820986, -0.135369, -1.8346e-09, -0.990793, 13.7837, 9.01442, -49.8384)
use_collision = true
size = Vector3(23.3503, 9.34401, 5.05123)
material = SubResource("StandardMaterial3D_ycdsb")

[node name="propane_tank" parent="." instance=ExtResource("28_pqj3g")]
transform = Transform3D(0.4, 0, 0, 0, 0.4, 0, 0, 0, 0.4, 32.4204, 16.4528, -111.868)

[node name="ammo_shotgun2" parent="." instance=ExtResource("22_ia1i2")]
transform = Transform3D(1, 0, 0, 0, 1, 0, 0, 0, 1, 26.2617, 13.85, -19.1266)

[node name="Node3D9" parent="." instance=ExtResource("29_k5y12")]
transform = Transform3D(-1.9342, 0, 0.508799, 0, 2, 0, -0.508799, 0, -1.9342, 26.3226, 13.7434, -16.0659)

[node name="note8" parent="." instance=ExtResource("27_28sf7")]
transform = Transform3D(0.732298, 0.66231, -0.158382, -0.020058, -0.2115, -0.977172, -0.680688, 0.718759, -0.141596, 23.2744, 15.0891, 8.86188)
title = "Tusk:"
text = "No Only workers of the great company are allowed past this point"
cooldown_time = 7

[node name="lightbulb2" parent="." instance=ExtResource("16_5sepv")]
transform = Transform3D(0.81815, -0.575005, 0, 0.538591, 0.766338, 0.350207, -0.201371, -0.286522, 0.936672, 22.3464, 16.5, 9.85597)

[node name="tunnel" parent="." instance=ExtResource("30_tn08x")]
transform = Transform3D(0.200619, 0, 1.98991, 0, 2, 0, -1.98991, 0, 0.200619, 6.08231, 28.9855, -47.3977)

[node name="sentrygun6" parent="." instance=ExtResource("29_6n3hy")]
transform = Transform3D(0.365267, 0, 0.930903, 0, 1, 0, -0.930903, 0, 0.365267, 3.83086, 14.8932, -52.3178)

[node name="sentrygun8" parent="." instance=ExtResource("29_6n3hy")]
transform = Transform3D(1, 0, 0, 0, 1, 0, 0, 0, 1, 32.6324, 12.4753, -75.3464)
